240
2 9 2 8
3 27 3 26
3 26 3 25
3 25 3 24
3 24 3 23
4 8 3 8
4 16 5 16
5 8 4 8
5 14 5 15
6 15 7 15
6 21 7 21
7 21 8 21
8 21 9 21
9 21 10 21
10 21 11 21
7 15 7 16
7 16 7 15
7 17 7 16
8 2 8 1
8 3 8 2
8 10 8 11
8 11 8 10
8 10 8 9
8 14 8 15
8 15 8 16
9 7 9 8
9 8 9 7
9 9 9 10
9 10 9 11
9 11 10 11
9 16 10 16
10 2 9 2
10 8 10 9
10 11 9 11
10 16 10 15
10 17 10 16
10 23 10 24
10 24 11 24
11 11 10 11
13 16 14 16
14 12 14 11
14 11 14 10
14 10 14 9
14 16 14 17
14 17 14 18
14 18 14 19
14 19 14 20
15 20 16 20
16 20 17 20
16 3 17 3
16 7 16 8
16 8 16 9
16 9 17 9
17 9 17 10
17 10 17 9
17 12 17 11
17 11 17 10
17 24 16 24
16 24 15 24
15 24 14 24
21 22 21 23
21 23 21 22
21 24 21 23
22 22 22 21
22 23 22 22
23 4 24 4
24 4 25 4
24 11 24 10
24 10 24 9
24 14 25 14
25 14 26 14
26 4 27 4
26 12 27 12
26 16 26 17
26 17 26 18
26 18 26 19
26 19 26 20
26 20 26 21
26 21 26 22
26 22 26 21
26 23 26 22
27 12 27 13
27 13 27 14
27 22 28 22
28 22 28 23
28 23 28 24
28 24 28 25
28 25 28 24
0 2 1 2
0 23 0 24
0 24 1 24
3 19 3 20
4 11 4 10
4 10 4 9
6 4 6 5
6 5 6 6
6 6 6 7
6 7 6 6
6 9 6 10
6 10 6 11
6 11 6 10
6 10 6 9
6 12 7 12
6 23 6 24
7 14 8 14
8 14 9 14
8 4 7 4
7 4 6 4
9 12 9 13
9 13 9 12
9 14 8 14
8 14 7 14
10 14 11 14
11 5 12 5
12 5 13 5
11 13 11 12
11 14 11 13
12 15 13 15
13 0 14 0
13 6 13 7
13 7 14 7
13 14 13 13
13 15 13 14
14 1 15 1
14 5 14 6
14 6 14 5
14 7 14 6
15 1 15 2
15 2 15 3
15 3 15 4
15 4 15 5
15 5 15 6
15 6 15 5
15 7 15 6
15 8 15 7
16 12 16 13
16 13 17 13
16 21 16 20
16 20 16 19
16 25 17 25
17 1 17 0
17 14 17 15
17 25 17 24
17 24 17 23
17 27 17 26
17 26 17 25
18 2 19 2
19 2 20 2
20 2 21 2
18 15 19 15
19 6 19 5
19 7 19 6
19 13 19 12
19 12 19 11
19 11 19 10
19 10 19 9
19 9 19 8
19 8 19 7
19 15 19 16
20 13 19 13
20 16 21 16
21 16 22 16
21 2 21 1
21 1 21 0
21 4 21 5
21 5 21 6
21 20 20 20
22 17 21 17
21 17 20 17
20 17 19 17
23 17 22 17
27 16 28 16
0 17 1 17
2 22 2 21
2 21 2 20
5 0 6 0
5 2 5 3
5 3 5 2
5 5 5 6
5 6 5 7
5 7 5 6
5 6 5 5
5 5 5 4
5 4 5 3
5 11 5 10
5 10 5 9
5 9 5 8
5 8 5 7
6 0 6 1
6 1 6 0
6 2 6 3
6 17 6 18
6 18 6 19
6 19 6 20
6 20 6 19
6 22 6 23
6 23 7 23
7 1 7 2
7 2 7 1
7 1 7 0
7 3 7 2
7 7 7 6
7 6 7 5
7 5 7 4
7 4 7 3
7 18 7 19
7 19 7 18
7 18 7 17
7 20 7 21
7 21 7 22
7 22 7 21
7 21 7 20
7 23 6 23
8 23 9 23
8 25 9 25
9 0 10 0
9 17 9 18
9 18 9 17
9 19 9 20
9 20 9 19
9 22 9 21
9 21 9 20
10 20 11 20
11 20 12 20
11 18 12 18
12 4 13 4
12 12 12 13
12 13 12 14
12 14 12 15
12 15 12 16
12 16 12 17
12 17 12 16
12 16 12 15
12 15 12 14
12 14 12 13
12 13 12 12
12 18 13 18
12 23 12 24
12 24 12 25
12 25 12 24
160
0 12 0 14
0 12 2 12
2 8 3 8
2 12 2 13
2 12 4 12
3 5 3 8
3 5 4 5
3 8 4 8
3 23 5 23
4 5 8 5
4 8 7 8
4 12 5 12
5 12 5 15
5 15 5 16
5 15 7 15
5 16 5 18
5 16 7 16
6 25 6 26
7 15 10 15
7 16 8 16
8 1 8 2
8 1 9 1
8 2 8 5
8 2 9 2
8 5 8 7
8 7 9 7
8 9 10 9
8 16 10 16
8 26 8 27
9 7 10 7
9 11 10 11
10 7 10 9
10 9 10 11
10 11 10 15
11 19 11 21
11 21 11 24
13 23 13 24
13 24 13 25
13 24 14 24
13 25 13 26
13 25 14 25
14 9 14 14
14 9 17 9
14 14 14 15
14 14 18 14
14 15 14 20
14 20 17 20
17 3 17 4
17 3 18 3
17 4 17 9
17 9 17 10
17 9 24 9
17 10 18 10
17 20 17 21
17 21 22 21
18 14 26 14
21 22 21 23
21 22 22 22
21 26 22 26
22 2 22 4
22 2 25 2
22 4 25 4
22 21 22 22
23 24 26 24
24 9 25 9
25 4 25 5
25 4 27 4
25 5 25 7
25 5 27 5
25 7 25 9
26 14 26 15
26 14 27 14
26 15 26 21
26 15 27 15
26 21 26 22
26 21 28 21
26 22 26 24
26 24 26 25
26 24 28 24
27 4 28 4
27 14 28 14
27 15 28 15
1 1 1 2
1 2 1 3
1 5 1 6
1 6 1 7
1 7 1 8
1 8 1 9
1 16 3 16
1 24 1 26
1 24 4 24
3 20 5 20
4 2 4 3
4 9 6 9
6 24 8 24
7 11 7 12
7 12 7 13
7 12 9 12
7 13 7 14
9 5 13 5
11 3 12 3
11 12 11 13
11 13 11 15
11 13 13 13
11 27 12 27
13 5 14 5
13 13 13 14
14 0 17 0
14 5 14 6
14 5 15 5
14 6 14 8
14 6 15 6
15 6 15 7
15 27 15 28
16 19 19 19
17 13 19 13
17 23 17 25
17 23 18 23
17 25 18 25
18 22 18 23
18 23 20 23
19 5 19 6
19 6 19 7
19 6 21 6
19 7 22 7
19 16 19 17
19 16 22 16
19 17 22 17
20 20 24 20
21 0 21 3
21 0 22 0
21 3 21 6
21 6 22 6
22 0 24 0
22 6 23 6
22 15 22 16
22 17 24 17
24 17 24 18
24 18 24 20
25 15 25 16
28 11 28 13
28 16 28 17
28 17 28 18
28 18 28 20
0 0 0 3
0 0 3 0
1 17 1 19
1 17 2 17
1 19 1 20
1 20 2 20
3 0 3 1
4 19 6 19
5 2 5 3
5 2 7 2
5 3 6 3
6 0 7 0
6 3 7 3
6 19 6 23
6 19 9 19
6 23 9 23
