56
13 8 13 7
9 17 9 18
3 14 3 13
6 25 7 25
13 24 12 24
16 6 16 5
16 7 17 7
14 1 15 1
7 20 6 20
6 23 7 23
15 26 14 26
14 14 14 13
28 4 27 4
21 19 21 18
4 11 4 10
8 5 8 6
19 1 19 0
12 19 12 20
21 20 21 21
23 24 24 24
2 27 2 26
3 0 2 0
10 26 9 26
5 20 4 20
4 24 4 23
13 16 14 16
15 20 16 20
1 7 2 7
14 26 15 26
22 0 22 1
3 5 3 6
6 15 7 15
22 13 22 14
27 3 28 3
7 7 7 6
23 4 24 4
20 15 19 15
18 8 18 7
4 0 3 0
22 19 23 19
19 6 18 6
2 17 1 17
15 12 15 13
17 22 17 23
5 8 5 9
27 6 26 6
9 0 8 0
5 23 5 22
16 18 16 17
18 6 18 5
13 1 12 1
18 5 18 6
22 7 21 7
16 25 15 25
22 24 23 24
8 14 9 14
179
0 0 2 0
0 7 0 11
0 11 1 11
0 12 0 14
0 12 1 12
1 12 2 12
2 7 2 8
2 7 4 7
2 8 2 10
2 8 5 8
3 5 4 5
4 5 4 7
4 5 8 5
4 7 5 7
4 16 9 16
5 7 6 7
6 25 6 26
8 2 8 3
8 2 10 2
8 5 8 7
8 7 9 7
8 26 8 27
9 7 9 8
9 7 10 7
9 8 10 8
9 16 13 16
10 8 11 8
13 23 13 24
13 24 13 25
13 24 17 24
13 25 13 26
13 25 14 25
