80
0 12 1 12
1 12 0 12
0 12 1 12
1 12 0 12
0 12 1 12
1 12 0 12
2 9 2 8
2 8 2 7
2 12 1 12
2 13 2 12
4 8 4 7
4 12 3 12
3 12 3 11
3 11 3 10
3 10 2 10
2 10 2 9
2 9 2 8
5 8 5 7
5 12 4 12
4 12 3 12
3 12 3 11
3 11 3 10
3 10 2 10
7 8 6 8
6 8 6 7
8 10 8 9
8 9 7 9
7 9 7 8
7 8 6 8
6 8 5 8
9 9 9 8
11 11 11 10
11 10 11 9
11 9 11 8
14 12 14 11
14 11 14 10
14 10 14 9
14 9 13 9
17 12 17 11
17 11 17 10
17 10 17 9
17 9 17 8
17 8 17 7
18 10 18 9
18 9 17 9
17 9 17 8
17 8 16 8
24 11 24 10
24 10 24 9
24 9 23 9
23 9 23 8
23 8 23 7
25 9 25 8
26 12 26 11
26 11 26 10
0 0 0 1
0 3 0 4
0 17 0 16
0 16 0 15
1 19 1 18
1 18 1 17
1 20 1 19
1 19 1 18
1 18 2 18
2 3 3 3
3 3 3 4
2 17 2 16
2 16 2 15
2 15 2 14
2 18 2 17
2 17 2 16
2 16 2 15
4 19 5 19
5 19 6 19
6 19 6 18
5 0 6 0
6 0 6 1
5 2 5 3
5 3 5 4
5 5 5 6
14
0 7 0 11
0 11 1 11
0 12 0 14
0 12 1 12
0 20 0 23
0 20 5 20
0 27 2 27
1 1 1 3
1 3 4 3
1 4 2 4
1 5 1 6
1 6 1 7
1 7 1 8
1 8 1 9
